86 85
85
127 138 135 151 134
85 83 89
86 90 94 83 90 89
114 134 136 141 148
86
119 142 147 148 136 138 151 148 147 153 138
87 83 89
88 89 90
107 138 146 138 134
88
106 145 138 139 134 147 153 138
86 88
92 88 89
114 134 136 141 148
90
145 138 134 148
86
90 89
114 134 136 141 148
91
159 138 135 151 134
86 83 88
94 89
107 138 146 138 134
92
108 142 151 134 139 134
87 86
90 90 89
114 134 136 141 148
93
108 142 151 134 139 134
86 83 88
87 94 94
107 138 146 138 134
94
119 142 147 148 136 138 151 148 147 153 138
85 83 90
90 85 87
114 134 136 141 148
